
remaining <-c(7, 8, 19, 20, 21, 23, 26, 27, 28, 29, 30, 31, 32, 33, 34, 35, 51, 76, 77, 78, 79, 80, 81, 82, 83, 84, 85)

s1 <- remaining[1:9]
s2 <- remaining[10:18]
s3 <- remaining[19:27]
s4 <- c(85,76, 28, 84, 51, 27, 83, 35, 26, 82,
        34, 23, 81, 33, 21, 80, 32, 20, 79, 31, 19,
        78, 30, 8, 77, 29, 7)
#plus call collate on comp 4


